3
0
27
0 0.00387496
0 0.00151072
0 0.00389455
0 0.0096379
0 0.00508128
0 0.00642309
0 0.00448679
0 0.00446658
0 0.00714891
0 0.0118246
0 0.00134786
0 0.00241834
0 0.00147911
0 0.0053656
0 0.00233274
0 0.00545734
0 0.00202398
0 0.00202398
0 0.0175474
0 0.000997507
0 0.0241216
0 0.000326236
0 0.00159844
0 5.11658e-05
0 0.00241834
0 0.00407516
0 0.00903489
111
0 0.0297434
0 0.0242112
0 0.0231192
0 0.0231192
0 0.0422518
0 0.0399115
0 0.0242127
0 0.0432421
0 0.0226355
0 0.0226355
0 0.0144258
0 0.0183409
0 0.00672339
0 0.0226355
0 0.00672339
0 0.00227693
5.11658e-05 0.0147435
5.11658e-05 0.0269537
5.11658e-05 0.0425491
0.000346863 0.0127959
0.000725831 0.0185829
0.000725831 0.0226355
0.00105659 0.0269455
0.00151072 0.0341089
0.00191832 0.013912
0.00191832 0.0304133
0.00216029 0.0326731
0.00233274 0.0331216
0.00239069 0.0369831
0.00387496 0.0284096
0.00389455 0.0585852
0.00441267 0.0174694
0.00504474 0.0241552
0.00508128 0.00714891
0.00540377 0.0410779
0.00573773 0.0260056
0.00616455 0.0117861
0.00616455 0.0127959
0.00642309 0.0587476
0.00650999 0.0154232
0.00683731 0.0519524
0.00733072 0.0331216
0.00787648 0.00951928
0.00795986 0.0362431
0.00795986 0.0297434
0.00818774 0.0412842
0.0096379 0.031867
0.0097336 0.0241552
0.0101598 0.0422518
0.0101598 0.0370395
0.0108602 0.0241552
0.0109071 0.0350088
0.0109071 0.0200532
0.0117861 0.0241216
0.0117861 0.0183409
0.0118246 0.0432909
0.0118246 0.0643296
0.0119558 0.0255435
0.0119558 0.0276095
0.0119558 0.0234326
0.0119558 0.0334379
0.0122102 0.0341717
0.0127306 0.0169849
0.0132398 0.025943
0.0145384 0.0231192
0.0145384 0.0165966
0.0146526 0.0331216
0.0147372 0.0268386
0.014948 0.0362431
0.014948 0.0304133
0.014948 0.0304133
0.0156164 0.0401071
0.0159368 0.025943
0.0160735 0.018789
0.0166666 0.0231192
0.0168991 0.0185829
0.0175474 0.0270699
0.0180101 0.0439479
0.0180101 0.0350088
0.0180101 0.0200532
0.0193223 0.0226355
0.0200092 0.0219498
0.0221781 0.0394395
0.0221781 0.0412842
0.0224436 0.0275647
0.0237366 0.036042
0.0237977 0.0334379
0.0242112 0.0406393
0.024263 0.0402084
0.0243209 0.0341717
0.0245929 0.0419465
0.024657 0.0307939
0.0246703 0.0383788
0.0256228 0.049014
0.0267879 0.0312738
0.0267879 0.0269537
0.027026 0.0304133
0.0273299 0.0326731
0.0276095 0.0297522
0.0280557 0.0351084
0.0292855 0.0365419
0.0297522 0.032358
0.0304355 0.0488897
0.0306629 0.0353406
0.0326351 0.0341717
0.0334379 0.036744
0.0342918 0.0348838
0.0429599 0.0587476
0.0466637 0.0637951
0.0467039 0.0545428
0.0545792 0.0606853
