3
0
33
0 1.55717
0 0.503858
0 0.420647
0 0.0855658
0 0.38875
0 0.0936231
0 0.260758
0 0.23742
0 0.0804794
0 0.312658
0 0.0032032
0 0.0148022
0 0.324555
0 0.335335
0 0.297517
0 1.1186
0 0.231697
0 0.0108231
0 0.225096
0 0.156455
0 0.127287
0 0.177442
0 0.00908542
0 0.128678
0 0.436774
0 0.262869
0 0.318073
0 0.0489199
0 0.00595124
0 0.0367212
0 0.211026
0 0.0994723
0.091052 0.109701
14
0.796799 2.27651
0.98986 2.21836
1.07082 1.74643
1.11041 1.74643
1.30532 2.30687
1.31897 1.75058
1.39336 1.70032
1.39847 2.14777
1.5391 1.85886
1.5763 1.74643
1.70759 1.7214
1.88967 1.9817
2.18331 2.23742
2.22771 2.50758
