4
0
51
0 0.0194032
0 0.0650087
0 0.0980136
0 0.0534684
0 0.0643616
0 0.0253893
0 0.0720204
0 0.0906665
0 0.108969
0 0.0736188
0 0.109796
0 0.058696
0 0.0996483
0 0.0349814
0 0.000624254
0 0.0473515
0 0.0219692
0 0.0507594
0 0.0866124
0 0.00303976
0 0.0656414
0 0.0253724
0 0.0246101
0 0.0454746
0 0.00855347
0 0.00303976
0 0.0299401
0 0.0435853
0 0.0299401
0 0.0268481
0 0.0207027
0 0.0980136
0 0.0255214
0 0.0389117
0 0.00363835
0 0.00287382
0 0.055795
0 0.0127661
0 0.0127661
0 0.0194032
0 0.0906665
0 0.0227778
0 0.0427959
0 0.00405041
0 0.019151
0 0.0272418
0 0.00114708
0 0.00284906
0 0.0804288
0 0.0739971
0 0.0246101
25
0.0473515 0.238108
0.0656414 0.168586
0.0656414 0.330574
0.0725514 0.250402
0.0804288 0.299497
0.0833443 0.169756
0.0864576 0.254715
0.0900208 0.16561
0.0989233 0.161239
0.0989957 0.121782
0.0996483 0.157005
0.0997679 0.223314
0.0997679 0.214701
0.103426 0.296878
0.104424 0.219541
0.117059 0.24939
0.121264 0.167821
0.121782 0.156787
0.128298 0.140139
0.157093 0.46105
0.16707 0.234578
0.178513 0.189483
0.18888 0.287117
0.191829 0.229812
0.197848 0.245686
4
0.296878 0.314185
0.464645 1.01471
0.623555 0.713493
1.00793 1.01469
